O 600.132822
-4501000
-4483384
-4465767
-4448151
-4430534
-4412918
-4395301
-4377685
-4360068
-4342452
-4324836
-4307219
-4289603
-4271986
-4254370
-4236753
-4219137
-4201521
-4183904
-4166288
-4148671
-4131055
-4113438
-4095822
-4078205
-4060589
-4042973
-4025356
-4007740
-3990123
-3972507
-3954890
-3937274
-3919658
-3902041
-3884425
-3866808
-3849192
-3831575
-3813959
-3796342
-3778726
-3761110
-3743493
-3725877
-3708260
-3690644
-3673027
-3655411
-3637795
-3620178
-3602562
-3584945
-3567329
-3549712
-3532096
-3514479
-3496863
-3479247
-3461630
-3444014
-3426397
-3408781
-3391164
-3373548
-3355932
-3338315
-3320699
-3303082
-3285466
-3267849
-3250233
-3232616
-3215000
-3197384
-3179767
-3162151
-3144534
-3126918
-3109301
-3091685
-3074068
-3056452
-3038836
-3021219
-3003603
-2985986
-2968370
-2950753
-2933137
-2915521
-2897904
-2880288
-2862671
-2845055
-2827438
-2809822
-2792205
-2774589
-2756973
-2739356
-2721740
-2704123
-2686507
-2668890
-2651274
-2633658
-2616041
-2598425
-2580808
-2563192
-2545575
-2527959
-2510342
-2492726
-2475110
-2457493
-2439877
-2422260
-2404644
-2387027
-2369411
-2351795
-2334178
-2316562
-2298945
-2281329
-2263712
-2246096
-2228479
-2210863
-2193247
-2175630
-2158014
-2140397
-2122781
-2105164
-2087548
-2069932
-2052315
-2034699
-2017082
-1999466
-1981849
-1964233
-1946616
-1929000
-1911384
-1893767
-1876151
-1858534
-1840918
-1823301
-1805685
-1788068
-1770452
-1752836
-1735219
-1717603
-1699986
-1682370
-1664753
-1647137
-1629521
-1611904
-1594288
-1576671
-1559055
-1541438
-1523822
-1506205
-1488589
-1470973
-1453356
-1435740
-1418123
-1400507
-1382890
-1365274
-1347658
-1330041
-1312425
-1294808
-1277192
-1259575
-1241959
-1224342
-1206726
-1189110
-1171493
-1153877
-1136260
-1118644
-1101027
-1083411
-1065795
-1048178
-1030562
-1012945
 -995329
 -977712
 -960096
 -942479
 -924863
 -907247
 -889630
 -872014
 -854397
 -836781
 -819164
 -801548
 -783932
 -766315
 -748699
 -731082
 -713466
 -695849
 -678233
 -660616
 -643000
 -625384
 -607767
 -590151
 -572534
 -554918
 -537301
 -519685
 -502068
 -484452
 -466836
 -449219
 -431603
 -413986
 -396370
 -378753
 -361137
 -343521
 -325904
 -308288
 -290671
 -273055
 -255438
 -237822
 -220205
 -202589
 -184973
 -167356
 -149740
 -132123
 -114507
  -96890
  -79274
  -61658
  -44041
  -26425
   -8808
    8808
   26425
   44041
   61658
   79274
   96890
  114507
  132123
  149740
  167356
  184973
  202589
  220205
  237822
  255438
  273055
  290671
  308288
  325904
  343521
  361137
  378753
  396370
  413986
  431603
  449219
  466836
  484452
  502068
  519685
  537301
  554918
  572534
  590151
  607767
  625384
  643000
  660616
  678233
  695849
  713466
  731082
  748699
  766315
  783932
  801548
  819164
  836781
  854397
  872014
  889630
  907247
  924863
  942479
  960096
  977712
  995329
 1012945
 1030562
 1048178
 1065795
 1083411
 1101027
 1118644
 1136260
 1153877
 1171493
 1189110
 1206726
 1224342
 1241959
 1259575
 1277192
 1294808
 1312425
 1330041
 1347658
 1365274
 1382890
 1400507
 1418123
 1435740
 1453356
 1470973
 1488589
 1506205
 1523822
 1541438
 1559055
 1576671
 1594288
 1611904
 1629521
 1647137
 1664753
 1682370
 1699986
 1717603
 1735219
 1752836
 1770452
 1788068
 1805685
 1823301
 1840918
 1858534
 1876151
 1893767
 1911384
 1929000
 1946616
 1964233
 1981849
 1999466
 2017082
 2034699
 2052315
 2069932
 2087548
 2105164
 2122781
 2140397
 2158014
 2175630
 2193247
 2210863
 2228479
 2246096
 2263712
 2281329
 2298945
 2316562
 2334178
 2351795
 2369411
 2387027
 2404644
 2422260
 2439877
 2457493
 2475110
 2492726
 2510342
 2527959
 2545575
 2563192
 2580808
 2598425
 2616041
 2633658
 2651274
 2668890
 2686507
 2704123
 2721740
 2739356
 2756973
 2774589
 2792205
 2809822
 2827438
 2845055
 2862671
 2880288
 2897904
 2915521
 2933137
 2950753
 2968370
 2985986
 3003603
 3021219
 3038836
 3056452
 3074068
 3091685
 3109301
 3126918
 3144534
 3162151
 3179767
 3197384
 3215000
 3232616
 3250233
 3267849
 3285466
 3303082
 3320699
 3338315
 3355932
 3373548
 3391164
 3408781
 3426397
 3444014
 3461630
 3479247
 3496863
 3514479
 3532096
 3549712
 3567329
 3584945
 3602562
 3620178
 3637795
 3655411
 3673027
 3690644
 3708260
 3725877
 3743493
 3761110
 3778726
 3796342
 3813959
 3831575
 3849192
 3866808
 3884425
 3902041
 3919658
 3937274
 3954890
 3972507
 3990123
 4007740
 4025356
 4042973
 4060589
 4078205
 4095822
 4113438
 4131055
 4148671
 4166288
 4183904
 4201521
 4219137
 4236753
 4254370
 4271986
 4289603
 4307219
 4324836
 4342452
 4360068
 4377685
 4395301
 4412918
 4430534
 4448151
 4465767
 4483384
 4501000
