##TITLE= /u/exp/stan/nmr/lists/wave/gauss128_5
##JCAMP-DX= 5.00 $$ Bruker JCAMP library
##DATA TYPE= Shape Data
##ORIGIN= Bruker Analytik GmbH
##OWNER= <Daniel Braun>
##DATE= 97/10/30
##TIME= 09:48:08
##MINX= 5.000000e+00
##MAXX= 9.998143e+01
##MINY= 0.000000e+00
##MAXY= 0.000000e+00
##$SHAPE_EXMODE= Excitation
##$SHAPE_TOTROT= 9.000000e+01
##$SHAPE_BWFAC= 1.764000e+00
##$SHAPE_INTEGFAC= 5.011089e-01
##$SHAPE_MODE= 1
##NPOINTS= 128
##XYPOINTS= (XY..XY)
5.000000e+00, 0.000000e+00
5.490662e+00, 0.000000e+00
6.020520e+00, 0.000000e+00
6.591710e+00, 0.000000e+00
7.206374e+00, 0.000000e+00
7.866657e+00, 0.000000e+00
8.574688e+00, 0.000000e+00
9.332567e+00, 0.000000e+00
1.014235e+01, 0.000000e+00
1.100603e+01, 0.000000e+00
1.192553e+01, 0.000000e+00
1.290266e+01, 0.000000e+00
1.393912e+01, 0.000000e+00
1.503648e+01, 0.000000e+00
1.619616e+01, 0.000000e+00
1.741936e+01, 0.000000e+00
1.870713e+01, 0.000000e+00
2.006027e+01, 0.000000e+00
2.147936e+01, 0.000000e+00
2.296467e+01, 0.000000e+00
2.451625e+01, 0.000000e+00
2.613379e+01, 0.000000e+00
2.781670e+01, 0.000000e+00
2.956401e+01, 0.000000e+00
3.137443e+01, 0.000000e+00
3.324628e+01, 0.000000e+00
3.517749e+01, 0.000000e+00
3.716562e+01, 0.000000e+00
3.920782e+01, 0.000000e+00
4.130081e+01, 0.000000e+00
4.344094e+01, 0.000000e+00
4.562412e+01, 0.000000e+00
4.784587e+01, 0.000000e+00
5.010132e+01, 0.000000e+00
5.238519e+01, 0.000000e+00
5.469185e+01, 0.000000e+00
5.701529e+01, 0.000000e+00
5.934919e+01, 0.000000e+00
6.168689e+01, 0.000000e+00
6.402148e+01, 0.000000e+00
6.634576e+01, 0.000000e+00
6.865234e+01, 0.000000e+00
7.093364e+01, 0.000000e+00
7.318192e+01, 0.000000e+00
7.538935e+01, 0.000000e+00
7.754806e+01, 0.000000e+00
7.965015e+01, 0.000000e+00
8.168774e+01, 0.000000e+00
8.365307e+01, 0.000000e+00
8.553849e+01, 0.000000e+00
8.733653e+01, 0.000000e+00
8.903997e+01, 0.000000e+00
9.064184e+01, 0.000000e+00
9.213554e+01, 0.000000e+00
9.351479e+01, 0.000000e+00
9.477376e+01, 0.000000e+00
9.590706e+01, 0.000000e+00
9.690982e+01, 0.000000e+00
9.777766e+01, 0.000000e+00
9.850680e+01, 0.000000e+00
9.909402e+01, 0.000000e+00
9.953674e+01, 0.000000e+00
9.983298e+01, 0.000000e+00
9.998143e+01, 0.000000e+00
9.998143e+01, 0.000000e+00
9.983298e+01, 0.000000e+00
9.953674e+01, 0.000000e+00
9.909402e+01, 0.000000e+00
9.850680e+01, 0.000000e+00
9.777766e+01, 0.000000e+00
9.690982e+01, 0.000000e+00
9.590706e+01, 0.000000e+00
9.477376e+01, 0.000000e+00
9.351479e+01, 0.000000e+00
9.213554e+01, 0.000000e+00
9.064184e+01, 0.000000e+00
8.903997e+01, 0.000000e+00
8.733653e+01, 0.000000e+00
8.553849e+01, 0.000000e+00
8.365307e+01, 0.000000e+00
8.168774e+01, 0.000000e+00
7.965015e+01, 0.000000e+00
7.754806e+01, 0.000000e+00
7.538935e+01, 0.000000e+00
7.318192e+01, 0.000000e+00
7.093364e+01, 0.000000e+00
6.865234e+01, 0.000000e+00
6.634576e+01, 0.000000e+00
6.402148e+01, 0.000000e+00
6.168689e+01, 0.000000e+00
5.934919e+01, 0.000000e+00
5.701529e+01, 0.000000e+00
5.469185e+01, 0.000000e+00
5.238519e+01, 0.000000e+00
5.010132e+01, 0.000000e+00
4.784587e+01, 0.000000e+00
4.562412e+01, 0.000000e+00
4.344094e+01, 0.000000e+00
4.130081e+01, 0.000000e+00
3.920782e+01, 0.000000e+00
3.716562e+01, 0.000000e+00
3.517749e+01, 0.000000e+00
3.324628e+01, 0.000000e+00
3.137443e+01, 0.000000e+00
2.956401e+01, 0.000000e+00
2.781670e+01, 0.000000e+00
2.613379e+01, 0.000000e+00
2.451625e+01, 0.000000e+00
2.296467e+01, 0.000000e+00
2.147936e+01, 0.000000e+00
2.006027e+01, 0.000000e+00
1.870713e+01, 0.000000e+00
1.741936e+01, 0.000000e+00
1.619616e+01, 0.000000e+00
1.503648e+01, 0.000000e+00
1.393912e+01, 0.000000e+00
1.290266e+01, 0.000000e+00
1.192553e+01, 0.000000e+00
1.100603e+01, 0.000000e+00
1.014235e+01, 0.000000e+00
9.332567e+00, 0.000000e+00
8.574688e+00, 0.000000e+00
7.866657e+00, 0.000000e+00
7.206374e+00, 0.000000e+00
6.591710e+00, 0.000000e+00
6.020520e+00, 0.000000e+00
5.490662e+00, 0.000000e+00
5.000000e+00, 0.000000e+00
##END= 
