##TITLE= Parameter file, TopSpin 4.0.5
##JCAMPDX= 5.0
##DATATYPE= Parameter Values
##NPOINTS= 1	$$ modification sequence number
##ORIGIN= Bruker BioSpin GmbH
##OWNER= elehmann
$$ 2019-05-17 16:31:58.944 +0200  elehmann@six
$$ /opt/topspin/data/elehmann/nmr/IVTNMR_template/25/pdata/1/clevels
$$ process /opt/topspin4.0.5/prog/mod/edparproc
##$LEVELS= (0..255)
-40827762840.1717 -34023135651.8712 -28352612850.1387 -23627177519.9311
-19689314455.1271 -16407762045.9392 -13673135086.5545 -11394279190.5236
-9495232851.85697 -7912694043.21414 -6593911702.67845 -5494926225.81142
-4579105381.26347 -3815921199.32472 -3179934236.22695 -2649945245.12762
-2208287607.72937 -1840239673.10781 -1533532964.37953 -1277944378.34205
-1064953552.07473 -887461341.667433 -739551166.328017 -616292638.606681
-513577054.023432 -427980974.896506 -356650667.598286 -297209131.024353
-247674131.038159 -206395060.926643 -171995884.105536 -143329951.693103
143329951.693103 171995884.105536 206395060.926643 247674131.038159 297209131.024353
356650667.598286 427980974.896506 513577054.023432 616292638.606681 739551166.328017
887461341.667433 1064953552.07473 1277944378.34205 1533532964.37953 1840239673.10781
2208287607.72937 2649945245.12762 3179934236.22695 3815921199.32472 4579105381.26347
5494926225.81142 6593911702.67845 7912694043.21414 9495232851.85697 11394279190.5236
13673135086.5545 16407762045.9392 19689314455.1271 23627177519.9311 28352612850.1387
34023135651.8712 40827762840.1717 0 0 0 0 0 0 0 0 0 0 0 0 0 0 0 0 0 0 0
0 0 0 0 0 0 0 0 0 0 0 0 0 0 0 0 0 0 0 0 0 0 0 0 0 0 0 0 0 0 0 0 0 0 0 0
0 0 0 0 0 0 0 0 0 0 0 0 0 0 0 0 0 0 0 0 0 0 0 0 0 0 0 0 0 0 0 0 0 0 0 0
0 0 0 0 0 0 0 0 0 0 0 0 0 0 0 0 0 0 0 0 0 0 0 0 0 0 0 0 0 0 0 0 0 0 0 0
0 0 0 0 0 0 0 0 0 0 0 0 0 0 0 0 0 0 0 0 0 0 0 0 0 0 0 0 0 0 0 0 0 0 0 0
0 0 0 0 0 0 0 0 0 0 0 0 0 0 0 0 0 0 0 0 0 0 0 0 0 0 0 0 0
##$LEVSIGN= 3
##$MAXLEV= 60
##$METHOD= 0
##$NEGBASE= -49487.1
##$NEGINCR= 1.2
##$POSBASE= 49487.1
##$POSINCR= 1.2
##END=
